tree
version=v3
num_class=1
num_tree_per_iteration=1
label_index=0
max_feature_idx=19
objective=binary sigmoid:1
feature_names=Column_0 Column_1 Column_2 Column_3 Column_4 Column_5 Column_6 Column_7 Column_8 Column_9 Column_10 Column_11 Column_12 Column_13 Column_14 Column_15 Column_16 Column_17 Column_18 Column_19
feature_infos=[-3.074834349072487:3.3603975236020189] [-2.7860230612894852:4.1906720280411998] [-2.9461906758503975:3.7104380429676591] [-3.6294837161612121:3.0529541706884147] [-2.9404297723275552:2.9805626081932841] [-1.7007505577149216:4.8154495075711718] [-1.3092555066483522:6.2189602020211758] [-2.7150313641212871:2.9482767857201888] [-3.2837668885808591:3.7496175188912533] [-3.0166385359827679:3.2474655929926635] [-3.9183360030587799:3.8134109570872137] [-3.1181266772713703:2.7651482147838693] [-2.7825125294276249:3.4127574847431754] [-2.983179795459816:3.2788734950819429] [-3.136401155923799:2.6110251641569491] [-2.8752696123005048:3.3288214561367706] [-2.7124208732867521:3.0070808286207327] [-3.045174919407343:3.2976644174235106] [-2.7333691720457081:3.2321749215261457] [-3.8280644444583731:0.78523502631590913]
tree_sizes=730 945 1146 1155 1575 1900 1261 1904 1583 1586 1378 1370 1483 1375

Tree=0
num_leaves=6
num_cat=0
split_feature=10 10 6 19 0
split_gain=661.49 17.8887 3.35426 2.00743 5.68434e-14
threshold=0.32489676500086023 -0.24307025158928738 1.4646420082652034 -0.15540070366769718 0.62785311061874338
decision_type=2 2 2 2 2
left_child=1 3 -2 -1 -4
right_child=2 -3 4 -5 -6
leaf_value=-2.2811709346650213 -1.3494306305884809 -2.0396086336081405 -1.1941405799090576 -2.1776442342120723 -1.1941405799090576
leaf_weight=61.451824426651001 1.9318687319755545 3.3117749691009513 3.0357937216758728 1.9318687319755545 1.9318687319755552
leaf_count=668 21 36 33 21 21
internal_value=0 -0.964271 9.32129 -1.08265 9.7561
internal_weight=0 66.6955 6.89953 63.3837 4.96766
internal_count=800 725 75 689 54
shrinkage=1


Tree=1
num_leaves=8
num_cat=0
split_feature=10 10 10 19 6 7 0
split_gain=292.313 8.09799 5.35658 1.97186 0.242281 2.84217e-14 1.42109e-14
threshold=0.19354636801728978 -0.24307025158928738 0.87250179328256883 -0.15540070366769718 1.7379867186224418 -0.10082037163127128 -1.0000000180025095e-35
decision_type=2 2 2 2 2 2 2
left_child=1 3 -2 6 -4 -6 -1
right_child=2 -3 4 -5 5 -7 -8
leaf_value=-0.11021645814733204 0.28771995260140215 0.068800917912220774 0.46217185308132436 -0.0071517740631239562 0.43007199407273655 0.43007199407273639 -0.110216458147332
leaf_weight=29.099350363016125 2.9239583909511557 2.7501407861709586 3.3901425004005414 1.9197720140218724 4.1044426113367072 3.5690805315971383 27.080898314714435
leaf_count=346 21 27 20 21 23 20 322
internal_value=0 -0.988741 4.08095 -1.06811 4.39908 4.30072 -1.10216
internal_weight=0 60.8502 13.9876 58.1 11.0637 7.67352 56.1802
internal_count=800 716 84 689 63 43 668
shrinkage=0.1


Tree=2
num_leaves=10
num_cat=0
split_feature=6 19 6 6 6 5 10 0 0
split_gain=207.897 8.64321 4.23776 0.522997 0.281875 0.0023408 0.00185898 1.42109e-14 3.55271e-15
threshold=0.38237939666037318 -0.15540070366769718 0.90327958918185536 0.26311913348257687 1.7379867186224418 1.3552213310665715 -0.34401080143287038 0.41161062608764648 1.5955112141844661
decision_type=2 2 2 2 2 2 2 2 2
left_child=1 3 -2 6 -4 -6 7 -1 -9
right_child=2 -3 4 -5 5 -7 -8 8 -10
leaf_value=-0.10915025749714023 0.19151939083916492 0.054818460592123336 0.34684552838345273 -0.053302023444417368 0.31782147255111509 0.31469938219845406 -0.11228514078201268 -0.10915025749714019 -0.10915025749714023
leaf_weight=32.411305665969849 2.8387020528316524 3.5006788596510878 4.2922585830092421 1.726016841828822 4.3121032714843732 5.4197471588850021 1.9674453884363166 14.362355828285219 2.3041212558746329
leaf_count=422 21 33 21 20 20 25 21 187 30
internal_value=0 -0.973463 3.02944 -1.0744 3.25498 3.16083 -1.09271 -1.0915 -1.0915
internal_weight=0 56.2719 16.8628 52.7712 14.0241 9.73185 51.0452 49.0778 16.6665
internal_count=800 713 87 680 66 45 660 639 217
shrinkage=0.1


Tree=3
num_leaves=10
num_cat=0
split_feature=6 19 6 6 10 14 10 0 6
split_gain=158.875 7.99262 3.1909 0.539471 0.135075 0.00431441 0.0013439 1.42109e-14 7.10543e-15
threshold=0.38237939666037318 -0.15540070366769718 0.90327958918185536 0.26311913348257687 1.6154008946773333 0.25554443621266831 -0.34401080143287038 0.39135229268395083 -1.0000000180025095e-35
decision_type=2 2 2 2 2 2 2 2 2
left_child=1 3 -2 6 -4 -6 7 -1 -9
right_child=2 -3 4 -5 5 -7 -8 8 -10
leaf_value=-0.10820408913636348 0.15321792936045286 0.047322962482189257 0.27672438189069543 -0.050189521754277593 0.25486953136293733 0.25893618086155801 -0.11099095527267938 -0.10820408913636348 -0.10820408913636348
leaf_weight=29.009704247117043 3.172669947147372 3.6415113806724539 5.046402007341384 1.6536149531602848 5.4830130338668805 4.9768467545509338 1.7999110743403424 14.014349877834318 1.7517937347292889
leaf_count=414 21 33 22 20 23 21 21 200 25
internal_value=0 -0.955328 2.44592 -1.06319 2.63287 2.56804 -1.08312 -1.08204 -1.08204
internal_weight=0 51.8709 18.6789 48.2294 15.5063 10.4599 46.5758 44.7758 15.7661
internal_count=800 713 87 680 66 44 660 639 225
shrinkage=0.1


Tree=4
num_leaves=14
num_cat=0
split_feature=10 10 17 6 6 19 19 6 0 0 0 0 0
split_gain=128.802 5.96343 6.77598 4.03323 0.163926 0.00223613 0.00175623 0.000130482 7.10543e-15 3.55271e-15 3.55271e-15 3.55271e-15 1.77636e-15
threshold=0.10302885464384438 -0.43571705382676534 0.17523258917194542 0.75575089578622834 1.6425539084538314 -0.29495460527066258 -1.6763585944548278 0.23439894495556488 -0.16815666383369804 -1.0475244784616187 -0.046169314094654017 1.075824377857739 -0.73798052343577958
decision_type=2 2 2 2 2 2 2 2 2 2 2 2 2
left_child=1 5 -3 -2 -5 7 -6 8 9 -1 -10 -12 -11
right_child=3 2 -4 4 6 -7 -8 -9 10 12 11 -13 -14
leaf_value=-0.10736271364212734 0.10651248365383043 -0.11222580400509173 0.12096156133207106 0.24271933849875515 0.22193994003605613 -0.11100620327618452 0.21950106628638721 -0.10834521797813595 -0.10736271364212741 -0.10736271364212735 -0.10736271364212734 -0.10736271364212741 -0.10736271364212749
leaf_weight=6.1319997310638454 3.3254184052348164 2.4165561869740477 2.5728475153446198 4.7975818961858776 6.435014501214031 1.7917446196079243 5.4559377431869454 1.3998702093958844 2.1078749075531951 4.1518748179078111 13.9886243864894 5.5571247562766066 7.3456246778368888
leaf_count=96 20 27 29 20 26 21 22 20 33 65 219 87 115
internal_value=0 -0.954003 0.0802014 2.07077 2.27116 -1.07549 2.20821 -1.07397 -1.07363 -1.07363 -1.07363 -1.07363 -1.07363
internal_weight=0 47.4641 4.9894 20.014 16.6885 42.4747 11.891 40.683 39.2831 17.6295 21.6536 19.5457 11.4975
internal_count=800 712 56 88 68 656 48 635 615 276 339 306 180
shrinkage=0.1


Tree=5
num_leaves=17
num_cat=0
split_feature=10 6 19 13 6 10 6 19 10 0 0 10 5 5 5 5
split_gain=107.481 7.20267 1.72628 0.433046 0.246244 0.000992249 9.51049e-05 9.63889e-09 1.09252e-09 7.10543e-15 7.10543e-15 7.10543e-15 1.77636e-15 8.88178e-16 8.88178e-16 4.44089e-16
threshold=-0.24307025158928738 0.65344407522437808 -0.15540070366769718 0.76057252687816179 1.7379867186224418 -0.42025700713899733 0.23439894495556488 -0.48354278227962505 -0.66051413316731244 1.5590981201288183 0.5390824447193987 -0.91493522727397036 0.52835355220785929 2.1690401133462749 1.754005379508728 1.2976935727544456
decision_type=2 2 2 2 2 2 2 2 2 2 2 2 2 2 2 2
left_child=2 -2 5 4 -3 6 7 8 9 10 11 -1 -12 14 15 -14
right_child=1 3 -4 -5 -6 -7 -8 -9 -10 -11 12 -13 13 -15 -16 -17
leaf_value=-0.10661318904967008 0.064986799537450374 0.22552336579164553 -0.011149119321720843 0.17323117932276957 0.19712469239303565 -0.10914328504940636 -0.10749105757456218 -0.10660404288488397 -0.10661014480303077 -0.10661318904967006 -0.10661318904967013 -0.10661318904966986 -0.10661318904966999 -0.10661318904967002 -0.10661318904966999 -0.10661318904966997
leaf_weight=22.341904163360589 5.2244603708386448 5.0394022911787051 1.9842708632349955 4.8528986126184455 7.747259721159935 1.656509369611739 1.2762053236365307 1.2203394137322963 1.2213280983269204 1.5709151364862908 1.3963690102100352 1.8618253469467188 1.9781894311308865 2.2690996415913105 1.2800049260258672 1.2218228839337824
leaf_count=384 39 21 21 20 31 23 20 21 21 27 24 32 34 39 22 21
internal_value=0 1.68119 -1.02153 1.98664 2.08317 -1.06748 -1.06643 -1.06613 -1.06613 -1.06613 -1.06613 -1.06613 -1.06613 -1.06613 -1.06613 -1.06613
internal_weight=0 22.864 41.2788 17.6396 12.7867 39.2945 37.638 36.3618 35.1415 33.9201 32.3492 24.2037 8.14549 6.74912 4.48002 3.20001
internal_count=800 111 689 72 52 668 645 625 604 583 556 416 140 116 77 55
shrinkage=0.1


Tree=6
num_leaves=11
num_cat=0
split_feature=10 6 17 19 5 10 6 19 10 0
split_gain=90.4247 6.46461 1.78269 1.716 0.952537 0.00072586 6.93499e-05 6.99814e-09 7.91914e-10 7.10543e-15
threshold=-0.24307025158928738 0.38237939666037318 -0.31858445383791839 -0.15540070366769718 1.3103621884532692 -0.42025700713899733 0.23439894495556488 -0.48354278227962505 -0.66051413316731244 1.5011701749207182
decision_type=2 2 2 2 2 2 2 2 2 2
left_child=3 -2 -3 5 -4 6 7 8 9 -1
right_child=1 2 4 -5 -6 -7 -8 -9 -10 -11
leaf_value=-0.10594441913349906 0.023965520259595467 0.13612176517295863 0.23033206519604776 -0.010127675994187889 0.17262629263066781 -0.10821019801090617 -0.10672984814368192 -0.10593625081552985 -0.10594170254561414 -0.10594441913349908
leaf_weight=29.287228669971231 3.4308418706059483 7.8978252261877122 5.0536219626665062 1.9669157862663258 6.5915165394544601 1.5111349597573269 1.1625731475651253 1.1108137331903005 1.1117197684943665 1.5888189151883114
leaf_count=553 28 34 22 21 27 23 20 21 21 30
internal_value=0 1.5057 1.72796 -1.01065 1.97669 -1.06065 -1.05971 -1.05944 -1.05944 -1.05944
internal_weight=0 22.9738 19.543 37.7392 11.6451 35.7723 34.2612 33.0986 31.9878 30.876
internal_count=800 111 83 689 49 668 645 625 604 583
shrinkage=0.1


Tree=7
num_leaves=17
num_cat=0
split_feature=10 6 19 13 6 10 6 19 10 0 0 1 1 11 1 1
split_gain=76.7946 6.04144 1.70587 0.370099 0.125108 0.000531759 5.06561e-05 5.08112e-09 5.7485e-10 3.55271e-15 1.77636e-15 1.77636e-15 8.88178e-16 8.88178e-16 4.44089e-16 4.44089e-16
threshold=-0.24307025158928738 0.65344407522437808 -0.15540070366769718 0.76057252687816179 1.7379867186224418 -0.42025700713899733 0.23439894495556488 -0.48354278227962505 -0.66051413316731244 -0.22921175787698531 -0.58857383939570052 0.16451837978289935 -0.12986534292524829 -0.054315807851559254 0.40887492583849488 -0.32722928675152968
decision_type=2 2 2 2 2 2 2 2 2 2 2 2 2 2 2 2
left_child=2 -2 5 4 -3 6 7 8 9 10 11 12 13 -1 15 -12
right_child=1 3 -4 -5 -6 -7 -8 -9 -10 -11 14 -13 -14 -15 -16 -17
leaf_value=-0.10534684793911207 0.04659883976004451 0.18716089701961056 -0.0091921906006055595 0.14212695261425776 0.16671276944678215 -0.10737822054813873 -0.1060504128589852 -0.10533955048869886 -0.10534442127599913 -0.10534684793911207 -0.10534684793911193 -0.10534684793911203 -0.10534684793911207 -0.10534684793911198 -0.10534684793911198 -0.10534684793911085
leaf_weight=2.0716842114925376 5.6393789872527149 5.0066780447959918 1.9512428492307652 4.7491676658391944 7.4361899197101593 1.3773839548230196 1.058334782719611 1.0105085261166085 1.0113377757370461 16.043507963418961 1.0599314570426943 3.7579388022422791 1.0117527544498433 1.83079069852829 1.3490036725997923 0.96357405185700484
leaf_count=43 39 21 21 20 31 23 20 21 21 333 22 78 21 38 28 20
internal_value=0 1.36414 -1.0001 1.65876 1.74941 -1.05455 -1.0537 -1.05347 -1.05347 -1.05347 -1.05347 -1.05347 -1.05347 -1.05347 -1.05347 -1.05347
internal_weight=0 22.8314 34.497 17.192 12.4429 32.5457 31.1684 30.11 29.0995 28.0882 12.0447 8.67217 4.91423 3.90247 3.37251 2.02351
internal_count=800 111 689 72 52 668 645 625 604 583 250 180 102 81 70 42
shrinkage=0.1


Tree=8
num_leaves=14
num_cat=0
split_feature=10 10 17 9 7 19 6 19 10 0 0 2 2
split_gain=65.9789 5.89533 7.4624 1.75045 1.06229 0.00296827 3.70015e-05 5.11591e-13 1.24345e-13 1.06581e-14 3.55271e-15 3.55271e-15 8.88178e-16
threshold=0.19354636801728978 -0.43571705382676534 0.17523258917194542 0.3114146881840098 -0.030091976068696222 -0.29495460527066258 0.23439894495556488 -0.53695604586825219 -0.67388946333104249 0.39572974812964995 0.27851574965779496 0.79147467266467053 1.6136239895952549
decision_type=2 2 2 2 2 2 2 2 2 2 2 2 2
left_child=1 5 -3 4 -2 6 7 8 9 10 11 -1 -13
right_child=3 2 -4 -5 -6 -7 -8 -9 -10 -11 -12 12 -14
leaf_value=-0.10481223023901515 0.14469420926361506 -0.11449678636679304 0.11602573266350824 0.10198546016382533 0.20550901366573382 -0.10940868823405013 -0.10544312552735279 -0.10481230952742551 -0.1048122687373958 -0.10481223023901527 -0.10481223023901508 -0.1048122302390152 -0.10481223023901516
leaf_weight=11.56449428200723 8.0900864601135254 2.6727852858602992 2.9588361419737339 6.3908111006021491 4.4533847719430932 1.494300946593287 0.96285459771752258 0.87611078843474277 0.87610428035259136 8.5857609063386899 0.96370785683393567 3.0663431808352479 1.0075127594172952
leaf_count=264 35 30 30 29 20 21 20 20 20 196 22 70 23
internal_value=0 -0.871107 0.0661902 1.44583 1.66286 -1.05067 -1.04834 -1.04812 -1.04812 -1.04812 -1.04812 -1.04812 -1.04812
internal_weight=0 35.0288 5.63162 18.9343 12.5435 29.3972 27.9029 26.94 26.0639 25.1878 16.6021 15.6384 4.07386
internal_count=800 716 60 84 55 656 635 615 595 575 379 357 93
shrinkage=0.1


Tree=9
num_leaves=14
num_cat=0
split_feature=10 6 9 19 2 12 10 6 19 10 0 0 0
split_gain=57.1386 5.5352 8.84188 1.75687 0.0185513 0.00187451 0.00107806 2.71806e-05 1.3984e-08 2.7556e-09 7.10543e-15 1.77636e-15 4.44089e-16
threshold=-0.24307025158928738 0.90327958918185536 0.077708559586625398 -0.15540070366769718 -0.39921474480803537 -0.087992687585626936 -0.42025700713899733 0.23439894495556488 -0.48354278227962505 -0.66051413316731244 0.36040766151687814 1.1289003287817623 1.6680735095852544
decision_type=2 2 2 2 2 2 2 2 2 2 2 2 2
left_child=3 2 -2 6 -3 -6 7 8 9 10 -1 -12 -13
right_child=1 4 -4 -5 5 -7 -8 -9 -10 -11 11 12 -14
leaf_value=-0.10433338241555162 0.14349070192615931 0.15685184948368303 -0.079078984113315445 -0.0041192551323381071 0.15054846942912928 0.14782648638903301 -0.10728818943017281 -0.10489964221761282 -0.10432000485569698 -0.10432753515450624 -0.10433338247915108 -0.10433338274446179 -0.10433338233765188
leaf_weight=14.96816428378226 4.0158426687121418 4.5082960575819024 3.2129190415143967 1.8638354986906041 4.8924244195222855 5.2393604665994609 1.314297735691073 0.87551026418805022 0.833608739078044 0.83493850752711185 5.4936347603797895 1.9108294770121574 0.83598789945244767
leaf_count=376 24 20 21 21 22 24 23 20 21 21 138 48 21
internal_value=0 1.16163 0.445667 -0.98028 1.51515 1.49141 -1.04495 -1.04352 -1.04333 -1.04333 -1.04333 -1.04333 -1.04333
internal_weight=0 21.8688 7.22876 28.9308 14.6401 10.1318 27.067 25.7527 24.8772 24.0436 23.2086 8.24045 2.74682
internal_count=800 111 45 689 66 46 668 645 625 604 583 207 69
shrinkage=0.1


Tree=10
num_leaves=12
num_cat=0
split_feature=10 6 19 13 15 10 6 19 10 5 19
split_gain=49.4801 5.30453 1.73863 0.337063 0.07198 0.00079159 1.99327e-05 1.02273e-08 2.01985e-09 7.10543e-15 1.77636e-15
threshold=-0.24307025158928738 0.65344407522437808 -0.15540070366769718 0.76057252687816179 -0.31542822524288933 -0.42025700713899733 0.23439894495556488 -0.48354278227962505 -0.66051413316731244 1.0089144565515731 -0.69402474145786275
decision_type=2 2 2 2 2 2 2 2 2 2 2
left_child=2 -2 5 4 -3 6 7 8 9 10 -1
right_child=1 3 -4 -5 -6 -7 -8 -9 -10 -11 -12
leaf_value=-0.10390405895543973 0.028350989620774727 0.15878407555026064 -0.0037201867514751134 0.11549970976165209 0.14220662251921443 -0.10655740701380736 -0.10441272071073326 -0.10389205504881315 -0.10389880624812886 -0.10390405895543975 -0.10390405662924594
leaf_weight=5.1349855065345764 5.9855455160141018 4.3200540095567703 1.8577320426702488 4.2276329994201651 6.6528922915458661 1.196964874863627 0.79570027440786251 0.75722891464829345 0.7584420144557944 14.826366603374479 1.1210179626941847
leaf_count=142 39 20 21 20 32 23 20 21 21 410 31
internal_value=0 1.08091 -0.970021 1.3949 1.48733 -1.04049 -1.03921 -1.03903 -1.03904 -1.03904 -1.03904
internal_weight=0 21.1861 26.4484 15.2006 10.9729 24.5907 23.3937 22.598 21.8408 21.0824 6.256
internal_count=800 111 689 72 52 668 645 625 604 583 173
shrinkage=0.1


Tree=11
num_leaves=12
num_cat=0
split_feature=10 10 17 10 19 19 5 6 19 10 0
split_gain=43.1303 5.15011 6.0916 1.87918 0.0249755 0.0028903 0.00175813 1.45928e-05 8.02913e-13 3.12639e-13 3.55271e-15
threshold=0.19354636801728978 -0.43571705382676534 0.17523258917194542 0.87250179328256883 -1.0641531849427011 -0.29495460527066258 1.46884840639919 0.23439894495556488 -0.53695604586825219 -0.67388946333104249 0.67048995656312593
decision_type=2 2 2 2 2 2 2 2 2 2 2
left_child=1 5 -3 -2 6 7 -5 8 9 10 -1
right_child=3 2 -4 4 -6 -7 -8 -9 -10 -11 -12
leaf_value=-0.10351876594621263 0.063725506303890317 -0.11404436781200196 0.096452623691391959 0.13546999052652017 0.1465003765172149 -0.10839166105893523 0.1383580178763974 -0.10397605220891681 -0.10351888092286261 -0.1035188359451777 -0.10351876594621277
leaf_weight=14.021052118390815 4.3397562056779888 2.4586099907755843 3.1187194213271141 4.0447533279657364 4.0834240764379475 1.3013785853981961 4.4019032120704651 0.72284889221191295 0.65674358233809726 0.65673493221402068 4.8597557693719855
leaf_count=427 21 30 30 21 20 21 22 20 20 20 148
internal_value=0 -0.822528 0.036609 1.20437 1.40079 -1.03819 1.36975 -1.03535 -1.03519 -1.03519 -1.03519
internal_weight=0 27.7958 5.57733 16.8698 12.5301 22.2185 8.44666 20.9171 20.1943 19.5375 18.8808
internal_count=800 716 60 84 63 656 43 635 615 595 575
shrinkage=0.1


Tree=12
num_leaves=13
num_cat=0
split_feature=10 6 9 19 2 13 10 6 19 10 0 0
split_gain=37.7561 4.92691 6.62882 1.77895 0.00835117 0.00136556 0.00115193 1.07686e-05 1.39377e-08 3.17991e-09 7.10543e-15 4.44089e-16
threshold=-0.24307025158928738 0.90327958918185536 0.077708559586625398 -0.15540070366769718 -0.39921474480803537 0.34369504035972953 -0.42025700713899733 0.23439894495556488 -0.48354278227962505 -0.66051413316731244 1.140589518654467 1.4030485254868503
decision_type=2 2 2 2 2 2 2 2 2 2 2 2
left_child=3 2 -2 6 -3 -6 7 8 9 10 -1 -12
right_child=1 4 -4 -5 5 -7 -8 -9 -10 -11 11 -13
leaf_value=-0.10317272911788669 0.11217245690934058 0.13796643593833222 -0.079925019485855939 0.0008103302193877848 0.13120300723254419 0.13376118843793194 -0.10646296023009177 -0.10358407946026121 -0.10315726372219364 -0.10316546651877033 -0.10317272913758253 -0.10317272909920744
leaf_weight=15.350080948323027 4.2303110435605076 3.8341828435659417 3.1221474707126617 1.7821762263774861 4.6967761516571009 3.7547761648893356 1.135913567617538 0.65640955790877242 0.62303715385496516 0.62454943545162578 0.92398544587194864 1.1028213519603012
leaf_count=515 24 20 21 21 26 20 23 20 21 21 31 37
internal_value=0 0.953473 0.306002 -0.950047 1.34096 1.3234 -1.03368 -1.03186 -1.03172 -1.03172 -1.03173 -1.03173
internal_weight=0 19.6382 7.35246 22.199 12.2857 8.45155 20.4168 19.2809 18.6245 18.0014 17.3769 2.02681
internal_count=800 111 45 689 66 46 668 645 625 604 583 68
shrinkage=0.1


Tree=13
num_leaves=12
num_cat=0
split_feature=10 5 19 6 13 19 6 19 10 0 1
split_gain=33.0509 6.97306 4.38428 6.84908 0.365278 0.00240833 7.88582e-06 7.92255e-13 2.52243e-13 3.55271e-15 3.55271e-15
threshold=-0.43571705382676534 0.64974978653892579 -0.56605559582221521 0.65344407522437808 0.52658240123296884 -0.29495460527066258 0.23439894495556488 -0.53695604586825219 -0.67388946333104249 1.6680735095852544 1.7769178453190573
decision_type=2 2 2 2 2 2 2 2 2 2 2
left_child=5 -2 3 -3 -5 6 7 8 9 10 -1
right_child=1 2 -4 4 -6 -7 -8 -9 -10 -11 -12
leaf_value=-0.10286170953160326 -0.060672758429780121 -0.033267163100344617 0.20601497002307501 0.13580130733668722 0.096322604444373891 -0.1075719906207354 -0.10323196299733156 -0.10286183474108362 -0.10286177932161099 -0.10286170953160299 -0.10286170953160303
leaf_weight=14.334888719022279 2.9780793562531498 3.8731275796890303 3.4419509097933743 6.9079858362674695 3.5471107512712479 1.1652223616838444 0.59586654417216678 0.54096082970500248 0.5409520398825397 0.56798615679144937 0.64912703633308488
leaf_count=530 29 36 20 39 20 21 20 20 20 21 24
internal_value=0 0.809387 1.04671 0.803262 1.22407 -1.03172 -1.02875 -1.02862 -1.02862 -1.02862 -1.02862
internal_weight=0 20.7483 17.7702 14.3282 10.4551 18.395 17.2298 16.6339 16.093 15.552 14.984
internal_count=800 144 115 95 59 656 635 615 595 575 554
shrinkage=0.1


end of trees

feature importances:
Column_10=38
Column_6=31
Column_19=27
Column_0=24
Column_5=9
Column_1=5
Column_13=5
Column_2=4
Column_17=4
Column_9=3
Column_7=2
Column_11=1
Column_12=1
Column_14=1
Column_15=1

parameters:
[boosting: gbdt]
[objective: binary]
[metric: auc]
[tree_learner: serial]
[device_type: cpu]
[data: ]
[valid: ]
[num_iterations: 100]
[learning_rate: 0.1]
[num_leaves: 31]
[num_threads: 0]
[max_depth: -1]
[min_data_in_leaf: 20]
[min_sum_hessian_in_leaf: 0.001]
[bagging_fraction: 1]
[pos_bagging_fraction: 1]
[neg_bagging_fraction: 1]
[bagging_freq: 0]
[bagging_seed: 21374]
[feature_fraction: 1]
[feature_fraction_bynode: 1]
[feature_fraction_seed: 19300]
[early_stopping_round: 0]
[first_metric_only: 0]
[max_delta_step: 0]
[lambda_l1: 0]
[lambda_l2: 0]
[min_gain_to_split: 0]
[drop_rate: 0.1]
[max_drop: 50]
[skip_drop: 0.5]
[xgboost_dart_mode: 0]
[uniform_drop: 0]
[drop_seed: 8886]
[top_rate: 0.2]
[other_rate: 0.1]
[min_data_per_group: 100]
[max_cat_threshold: 32]
[cat_l2: 10]
[cat_smooth: 10]
[max_cat_to_onehot: 4]
[top_k: 20]
[monotone_constraints: ]
[feature_contri: ]
[forcedsplits_filename: ]
[forcedbins_filename: ]
[refit_decay_rate: 0.9]
[cegb_tradeoff: 1]
[cegb_penalty_split: 0]
[cegb_penalty_feature_lazy: ]
[cegb_penalty_feature_coupled: ]
[verbosity: 1]
[max_bin: 255]
[max_bin_by_feature: ]
[min_data_in_bin: 3]
[bin_construct_sample_cnt: 200000]
[histogram_pool_size: -1]
[data_random_seed: 192]
[output_model: LightGBM_model.txt]
[snapshot_freq: -1]
[input_model: ]
[output_result: LightGBM_predict_result.txt]
[initscore_filename: ]
[valid_data_initscores: ]
[pre_partition: 0]
[enable_bundle: 1]
[max_conflict_rate: 0]
[is_enable_sparse: 1]
[sparse_threshold: 0.8]
[use_missing: 1]
[zero_as_missing: 0]
[two_round: 0]
[save_binary: 0]
[header: 0]
[label_column: ]
[weight_column: ]
[group_column: ]
[ignore_column: ]
[categorical_feature: ]
[predict_raw_score: 0]
[predict_leaf_index: 0]
[predict_contrib: 0]
[num_iteration_predict: -1]
[pred_early_stop: 0]
[pred_early_stop_freq: 10]
[pred_early_stop_margin: 10]
[convert_model_language: ]
[convert_model: gbdt_prediction.cpp]
[num_class: 1]
[is_unbalance: 0]
[scale_pos_weight: 1]
[sigmoid: 1]
[boost_from_average: 1]
[reg_sqrt: 0]
[alpha: 0.9]
[fair_c: 1]
[poisson_max_delta_step: 0.7]
[tweedie_variance_power: 1.5]
[max_position: 20]
[lambdamart_norm: 1]
[label_gain: ]
[metric_freq: 1]
[is_provide_training_metric: 0]
[eval_at: ]
[multi_error_top_k: 1]
[num_machines: 1]
[local_listen_port: 12400]
[time_out: 120]
[machine_list_filename: ]
[machines: ]
[gpu_platform_id: -1]
[gpu_device_id: -1]
[gpu_use_dp: 0]

end of parameters

pandas_categorical:null
